RECARIO,REGINALD JR.,,,,,,
BACA,,,,,,,
2019-09876,,,,,,,
CRSE NO.,Grade,Units,Enrolled,Term,,,
ARTS 1,1.25,3,3.75,3.75,,,
COMM 10,1.75,3,5.25,9,,,
KAS 1,2,3,6,15,,,
COMA 101,1,3,3,18,,,
HUM 100,1,3,3,21,,,
SPCM 102,1.25,3,3.75,24.75,,,
HK 11,2,0,0,24.75,18,l/19/20,
ETHICS 1,2.25,3,0,24.75,,,
STS 1,3,3,0,24.75,,,
PHILARTS 1,P,3,0,24.75,,,
COMA 102,P,3,0,24.75,,,
ENG 100,2.5,3,0,24.75,,, 
SPCM 101,1.75,3,0,24.75,,,
HK 12,2,0,0,24.75,18,Il/19/20,
WIKA 1,2,3,6,30.75,,,
ENG 101,3,3,9,39.75,,,
ENG 104,2.5,3,7.5,47.25,,,
HUM 101,2,3,6,53.25,,,
THEA 101,1.75,3,5.25,58.5,,,
THEA 102,1.75,3,5.25,63.75,,,
HK 13,1.25,0,0,63.75,,,
NSTP 1,2,0,0,63.75,18,l/20/21,
COMA 103,1.75,3,5.25,69,,,
COMA 192,1.5,3,4.5,73.5,,,
SPCM 104,2.25,3,6.75,80.25,,,
SPCM 151,1.75,3,5.25,85.5,,,
SPCM 152,3,3,9,94.5,,,
SPCM 153,1.75,3,5.25,99.75,,,
NSTP 2,2,0,0,99.75,,,
HK 13,1,0,0,99.75,18,ll/20/21,
COMA 190,2,3,6,105.75,,,
SPCM 154,1.75,3,5.25,111,,,
SPCM 155,1,3,3,114,,,
SPAN 10,2.25,3,6.75,120.75,,,
PHLO 11,1,3,3,123.75,,,
STAT 101,2,3,6,129.75,18,l/21/22,
COMA 150,2.25,3,6.75,136.5,,,
COMA 193,2,3,6,142.5,,,
COMA 199,1.25,1,1.25,143.75,,,
SPCM 157,2,3,6,149.75,,,
SPCM 156,1.75,3,5.25,155,,,
SPAN 11,1.75,3,5.25,160.25,16,ll/21/22,
COMA 200a,3,3,9,169.25,3,M/21/22,
COMA 105,3,3,9,178.25,,,
COMA 200,S,3,0,178.25,,,
COMA 200a,2.25,3,6.75,185,,,
HUM 102,1.5,3,4.5,189.5,,,
THEA 103,2.75,3,8.25,197.75,,,
PHLO 12,1.5,3,4.5,202.25,18,l/22/23,
SCIENCE 10,1.25,3,3.75,206,,,
PI 10,1,3,3,209,,,
COMA 200,1.25,3,7.5,216.5,,,
HUM 104,1.75,3,5.25,221.75,,,
HUM 170,2,3,6,227.75,,,
PHLO150,1.25,3,3.75,231.5,18,ll/22/23,
,145,,,231.5,,,
GWA,1.822834646,,,,,,
145,,,,,,,